
3 <- 7 -> 12
1 <- 3 -> 6
0 <- 1 -> 2
. <- 0 -> .
. <- 2 -> .
4 <- 6 -> .
. <- 4 -> 5
. <- 5 -> .
9 <- 12 -> 13
8 <- 9 -> 11
. <- 8 -> .
10 <- 11 -> .
. <- 10 -> .
. <- 13 -> 15
14 <- 15 -> .
. <- 14 -> .
